group,serum,virus,replicate,titer,titer_bound,titer_as,nt50,midpoint,top,bottom,slope
CellVaccineCohort,AUS24_s004_prevax,A/Singapore/GP7085/2023,plate12-AAAGTGAGACCTGTAC,42.63,interpolated,midpoint,45.35,42.63,0.7698,0,10
CellVaccineCohort,AUS24_s004_prevax,A/Singapore/GP7085/2023,plate12-CCCCAACCTATCGTAA,44.45,interpolated,midpoint,48.5,44.45,0.7089,0,10
CellVaccineCohort,AUS24_s004_prevax,A/Norway/9845/2023,plate12-GTAAAGACCTTCGGAG,44.24,interpolated,midpoint,45.08,44.24,0.9142,0,10
CellVaccineCohort,AUS24_s004_prevax,A/Norway/9845/2023,plate12-TGAAGCCATGAGTATC,44.76,interpolated,midpoint,45.59,44.76,0.9167,0,10
CellVaccineCohort,AUS24_s004_prevax,A/Oregon/32/2023,plate12-GCCTTGCATTAGGAAC,49.02,interpolated,midpoint,49.95,49.02,0.9142,0,10
CellVaccineCohort,AUS24_s004_prevax,A/Oregon/32/2023,plate12-ATTGTGAAGAATTGCT,49.16,interpolated,midpoint,50.69,49.16,0.8677,0,10
CellVaccineCohort,AUS24_s004_prevax,A/Oregon/32/2023,plate12-CGTATACAAACGCGAC,46.75,interpolated,midpoint,48.9,46.75,0.8205,0,9.878
CellVaccineCohort,AUS24_s004_prevax,A/Victoria/1834/2023,plate12-CAAGGAAGTCAGGATT,40.14,interpolated,midpoint,41.17,40.14,0.888,0,10
CellVaccineCohort,AUS24_s004_prevax,A/Victoria/1834/2023,plate12-CTCATATTCCTATGAC,51.27,interpolated,midpoint,52.58,51.27,0.8889,0,10
CellVaccineCohort,AUS24_s004_prevax,A/Victoria/1834/2023,plate12-GCATCCTTTTCCTGTT,53.73,interpolated,midpoint,54.18,53.73,0.9603,0,10
CellVaccineCohort,AUS24_s004_prevax,A/Senegal/1382/2023,plate12-ATTATGGAAATAATGA,46.24,interpolated,midpoint,48.19,46.24,0.8303,0,10
CellVaccineCohort,AUS24_s004_prevax,A/Senegal/1382/2023,plate12-CAGGACGCAAAACACA,47.03,interpolated,midpoint,48.33,47.03,0.8802,0,10
CellVaccineCohort,AUS24_s004_prevax,A/Senegal/1382/2023,plate12-CCCTATCCCAGAACCT,47.1,interpolated,midpoint,50.3,47.1,0.7593,0,10
CellVaccineCohort,AUS24_s004_prevax,A/Ghana/1127/2023,plate12-GATAATAGAAAGTGTA,49.13,interpolated,midpoint,51.14,49.13,0.8346,0,10
CellVaccineCohort,AUS24_s004_prevax,A/Ghana/1127/2023,plate12-TCGACGCTTCATGGAA,49.73,interpolated,midpoint,51.08,49.73,0.8823,0,10
CellVaccineCohort,AUS24_s004_prevax,A/Ghana/1127/2023,plate12-AAACATATTGGCGTTT,50.89,interpolated,midpoint,52.77,50.89,0.8479,0,10
CellVaccineCohort,AUS24_s004_prevax,A/Brazil/GIHSN-HCL023128467501/2023,plate12-ATTCGAAGACAGAGGG,48.69,interpolated,midpoint,50.36,48.69,0.8567,0,10
CellVaccineCohort,AUS24_s004_prevax,A/Brazil/GIHSN-HCL023128467501/2023,plate12-ACTAATCGCAACTAGA,49.88,interpolated,midpoint,53.02,49.88,0.7717,0,10
CellVaccineCohort,AUS24_s004_prevax,A/Brazil/GIHSN-HCL023128467501/2023,plate12-CCTTGCGGTGTTTAAC,50.01,interpolated,midpoint,51.03,50.01,0.9082,0,10
CellVaccineCohort,AUS24_s004_prevax,A/Norway/8030/2023,plate12-GCGGTATTCATTAATA,49.67,interpolated,midpoint,51.68,49.67,0.8369,0,10
CellVaccineCohort,AUS24_s004_prevax,A/Norway/8030/2023,plate12-TTTGCTCGCAAAACCA,61.36,interpolated,midpoint,65.34,61.36,0.7992,0,8.176
CellVaccineCohort,AUS24_s004_prevax,A/Norway/8030/2023,plate12-GTTTCTGCCTTACAAA,63.63,interpolated,midpoint,67.11,63.63,0.8354,0,7.491
CellVaccineCohort,AUS24_s004_prevax,A/CostaRica/INC-0348-802602/2023,plate12-ACTTATGCTCTTGATA,46.1,interpolated,midpoint,47.27,46.1,0.8895,0,10
CellVaccineCohort,AUS24_s004_prevax,A/CostaRica/INC-0348-802602/2023,plate12-ACTTAGGAAGGTAAAC,47.38,interpolated,midpoint,48.63,47.38,0.8853,0,10
CellVaccineCohort,AUS24_s004_prevax,A/CostaRica/INC-0348-802602/2023,plate12-TAGTTGACTGTCGAGG,47.47,interpolated,midpoint,51.08,47.47,0.7567,0,9.1
CellVaccineCohort,AUS24_s004_prevax,A/Norway/7787/2023,plate12-ATATGTGCTAACAAAA,44.27,interpolated,midpoint,45.56,44.27,0.8754,0,10
CellVaccineCohort,AUS24_s004_prevax,A/Norway/7787/2023,plate12-CGCAGATATCATAGAA,47.26,interpolated,midpoint,48.95,47.26,0.8518,0,10
CellVaccineCohort,AUS24_s004_prevax,A/Norway/7787/2023,plate12-ATAAGAGAGCATCTCT,43.86,interpolated,midpoint,44.51,43.86,0.932,0,10
CellVaccineCohort,AUS24_s004_prevax,A/Chungbuk/1553/2023,plate12-TTACCTCTGAGAAACG,46.37,interpolated,midpoint,47.75,46.37,0.8729,0,10
CellVaccineCohort,AUS24_s004_prevax,A/Chungbuk/1553/2023,plate12-AAATTAAAGAGGTTAA,44.83,interpolated,midpoint,45.58,44.83,0.923,0,10
CellVaccineCohort,AUS24_s004_prevax,A/Chungbuk/1553/2023,plate12-AGCCCTTAAGACATTA,46.69,interpolated,midpoint,48.78,46.69,0.8225,0,10
CellVaccineCohort,AUS24_s004_prevax,A/Pennsylvania/51/2023,plate12-ACCAAAGCTGAATGGA,54.04,interpolated,midpoint,58.89,54.04,0.7267,0,9.212
CellVaccineCohort,AUS24_s004_prevax,A/Pennsylvania/51/2023,plate12-ACAGTCGCAGGGAATA,65.55,interpolated,midpoint,70.33,65.55,0.8261,0,6.079
CellVaccineCohort,AUS24_s004_prevax,A/Perth/372/2023,plate12-CTAGCAACATCTTCCT,48.08,interpolated,midpoint,49.76,48.08,0.8549,0,10
CellVaccineCohort,AUS24_s004_prevax,A/Perth/372/2023,plate12-TTATAAAAACAAATCG,50.22,interpolated,midpoint,51.2,50.22,0.9117,0,10
CellVaccineCohort,AUS24_s004_prevax,A/Perth/372/2023,plate12-TCCTCTATTTTCTTCT,51.6,interpolated,midpoint,54.96,51.6,0.7657,0,10
CellVaccineCohort,AUS24_s004_prevax,A/CostaRica/INC-0048-796565/2023,plate12-TAACGGTATTCCCCAG,47.75,interpolated,midpoint,49.89,47.75,0.823,0,10
CellVaccineCohort,AUS24_s004_prevax,A/CostaRica/INC-0048-796565/2023,plate12-CACGAGTTGGTGGGTT,48.47,interpolated,midpoint,50.95,48.47,0.8039,0,10
CellVaccineCohort,AUS24_s004_prevax,A/CostaRica/INC-0048-796565/2023,plate12-CAATCCGCTTGAATAC,48.72,interpolated,midpoint,51.5,48.72,0.7873,0,10
CellVaccineCohort,AUS24_s004_prevax,A/Sydney/591/2023,plate12-ATTAGACAATAATGAC,61.95,interpolated,midpoint,66.08,61.95,0.8395,0,6.003
CellVaccineCohort,AUS24_s004_prevax,A/Sydney/591/2023,plate12-CTCTCTACAGTATTGA,63.57,interpolated,midpoint,66.47,63.57,0.8905,0,5.535
CellVaccineCohort,AUS24_s004_prevax,A/Sydney/591/2023,plate12-GGACATCTTTCAAGCA,52.74,interpolated,midpoint,55,52.74,0.8289,0,10
CellVaccineCohort,AUS24_s004_prevax,A/CostaRica/INC-0053-796776/2023,plate12-TTCTATGTTTCTTTAA,55.32,interpolated,midpoint,58.89,55.32,0.8211,0,7.089
CellVaccineCohort,AUS24_s004_prevax,A/CostaRica/INC-0053-796776/2023,plate12-TCATAATAGGATGTTT,53.13,interpolated,midpoint,54.81,53.13,0.8662,0,10
CellVaccineCohort,AUS24_s004_prevax,A/CostaRica/INC-0053-796776/2023,plate12-CTCCGCGTGTACAGAT,70.82,interpolated,midpoint,73.87,70.82,0.863,0,7.604
CellVaccineCohort,AUS24_s004_prevax,A/Arizona/IVYG43Q65T3/2023,plate12-TCACAATTCATATAAT,48.6,interpolated,midpoint,50.48,48.6,0.8417,0,10
CellVaccineCohort,AUS24_s004_prevax,A/Arizona/IVYG43Q65T3/2023,plate12-TAACAGTTAGACAAAA,51.03,interpolated,midpoint,52.32,51.03,0.8897,0,10
CellVaccineCohort,AUS24_s004_prevax,A/Arizona/IVYG43Q65T3/2023,plate12-ATCTAATAATTATGGT,51.47,interpolated,midpoint,55.06,51.47,0.7549,0,9.999
CellVaccineCohort,AUS24_s004_prevax,A/PaisVasco/1994/2023,plate12-CGAAAGAACCTACCCG,56.16,interpolated,midpoint,60.07,56.16,0.7971,0,7.744
CellVaccineCohort,AUS24_s004_prevax,A/PaisVasco/1994/2023,plate12-TTATCACGTCTTTGCC,51.31,interpolated,midpoint,54.1,51.31,0.7945,0,10
CellVaccineCohort,AUS24_s004_prevax,A/PaisVasco/1994/2023,plate12-CCAGCCACATAAAATT,64.35,interpolated,midpoint,67.9,64.35,0.8408,0,7.138
CellVaccineCohort,AUS24_s004_prevax,A/Oregon/Flu-OHSU-241140095/2023,plate12-CAAGGAAACCGGTTGA,40,upper,midpoint,40,40,0.8423,0,0.8246
CellVaccineCohort,AUS24_s004_prevax,A/Oregon/Flu-OHSU-241140095/2023,plate12-AGCAGTAAATAAAATC,45.53,interpolated,midpoint,46.75,45.53,0.8842,0,10
CellVaccineCohort,AUS24_s004_prevax,A/Oregon/Flu-OHSU-241140095/2023,plate12-AAAATCATTCGACTCT,48.52,interpolated,midpoint,55.71,48.52,0.6255,0,10
CellVaccineCohort,AUS24_s004_prevax,A/Arizona/43/2023,plate12-TGTGATAGACCTAGAA,46.08,interpolated,midpoint,49.32,46.08,0.7536,0,10
CellVaccineCohort,AUS24_s004_prevax,A/Arizona/43/2023,plate12-AGTCAGGAGTCATATA,48.14,interpolated,midpoint,49.39,48.14,0.8869,0,10
CellVaccineCohort,AUS24_s004_prevax,A/Arizona/43/2023,plate12-TATGGCCTATAGGTTC,47.35,interpolated,midpoint,48.84,47.35,0.867,0,10
CellVaccineCohort,AUS24_s004_prevax,A/Washington/32/2023,plate12-TTGGGGATTGCCCAAA,49.55,interpolated,midpoint,51.1,49.55,0.8673,0,10
CellVaccineCohort,AUS24_s004_prevax,A/Washington/32/2023,plate12-AAACTCATCAGACTGG,49.64,interpolated,midpoint,51.06,49.64,0.8771,0,10
CellVaccineCohort,AUS24_s004_prevax,A/Washington/32/2023,plate12-CGCCTGTAAAAATTCG,51.63,interpolated,midpoint,52.84,51.63,0.8966,0,10
CellVaccineCohort,AUS24_s004_prevax,A/Argentina/677/2023,plate12-ATATCAAGACTAGATG,49.84,interpolated,midpoint,51.01,49.84,0.8966,0,10
CellVaccineCohort,AUS24_s004_prevax,A/Argentina/677/2023,plate12-CGGCAGGATATTGCAG,61.18,interpolated,midpoint,63.6,61.18,0.8698,0,7.773
CellVaccineCohort,AUS24_s004_prevax,A/Argentina/677/2023,plate12-CCGTTCTAAAACGCTA,50.58,interpolated,midpoint,52.43,50.58,0.8488,0,10
CellVaccineCohort,AUS24_s004_prevax,A/Victoria/2241/2023,plate12-GTAATACTGATGGGCA,43.56,interpolated,midpoint,44.85,43.56,0.8741,0,10
CellVaccineCohort,AUS24_s004_prevax,A/Victoria/2241/2023,plate12-TATTCAACATTCTCTA,52.43,interpolated,midpoint,54.02,52.43,0.8711,0,10
CellVaccineCohort,AUS24_s004_prevax,A/Victoria/2241/2023,plate12-TGAATGATTCTCCTTT,51.91,interpolated,midpoint,53.84,51.91,0.8472,0,10
CellVaccineCohort,AUS24_s004_prevax,A/Sydney/845/2023,plate12-GTATCCCCACGAAAGT,66.58,interpolated,midpoint,75.65,66.58,0.8246,0,3.385
CellVaccineCohort,AUS24_s004_prevax,A/Sydney/845/2023,plate12-ATTACCTAAGTGAAAT,69.74,interpolated,midpoint,73.1,69.74,0.8875,0,5.416
CellVaccineCohort,AUS24_s004_prevax,A/Philippines/10/2023,plate12-GGTCCACAAGCATCCT,54.46,interpolated,midpoint,56.08,54.46,0.8732,0,10
CellVaccineCohort,AUS24_s004_prevax,A/Philippines/10/2023,plate12-TAACCGGGGAATCATT,51.54,interpolated,midpoint,52.78,51.54,0.8943,0,10
CellVaccineCohort,AUS24_s004_prevax,A/Philippines/10/2023,plate12-CCAAGCTAGGTCGACA,62.49,interpolated,midpoint,65.05,62.49,0.842,0,9.461
CellVaccineCohort,AUS24_s004_prevax,A/Cambodia/KPH230176/2023,plate12-CTGGAATGCAACGGGT,54.22,interpolated,midpoint,56.69,54.22,0.8514,0,7.915
CellVaccineCohort,AUS24_s004_prevax,A/Cambodia/KPH230176/2023,plate12-ATTTGAACAATGTCCA,50.82,interpolated,midpoint,52.01,50.82,0.8962,0,10
CellVaccineCohort,AUS24_s004_prevax,A/Cambodia/KPH230176/2023,plate12-AACATGTGTAAGCGGT,50.65,interpolated,midpoint,52.2,50.65,0.8698,0,10
CellVaccineCohort,AUS24_s004_prevax,A/Thies/1247/2023,plate12-AACGAAAAGAATAAGC,71.81,interpolated,midpoint,75.76,71.81,0.8245,0,8.086
CellVaccineCohort,AUS24_s004_prevax,A/Thies/1247/2023,plate12-ATTATGTCGTGACAGT,71.83,interpolated,midpoint,78.96,71.83,0.7645,0,6.732
CellVaccineCohort,AUS24_s004_prevax,A/Thies/1247/2023,plate12-CCCGACAAAGCCCTCG,85.77,interpolated,midpoint,86.44,85.77,0.9625,0,10
CellVaccineCohort,AUS24_s004_prevax,A/Sydney/166/2023,plate12-ATGGATATGCTATCAG,49.76,interpolated,midpoint,51.99,49.76,0.8224,0,10
CellVaccineCohort,AUS24_s004_prevax,A/Sydney/166/2023,plate12-AAGCCCAATAATAAGG,48.36,interpolated,midpoint,49.34,48.36,0.9092,0,10
CellVaccineCohort,AUS24_s004_prevax,A/Sydney/166/2023,plate12-AGAACAATTATTGTTA,51.99,interpolated,midpoint,53.35,51.99,0.8857,0,10
CellVaccineCohort,AUS24_s004_prevax,A/Cambodia/SVH230198/2023,plate12-ATAGCATGCGATTTTA,47.63,interpolated,midpoint,48.53,47.63,0.9145,0,10
CellVaccineCohort,AUS24_s004_prevax,A/Cambodia/SVH230198/2023,plate12-GTCTAACAAGAATGTA,51.98,interpolated,midpoint,55.19,51.98,0.7749,0,10
CellVaccineCohort,AUS24_s004_prevax,A/Netherlands/1739/2023,plate12-ACTAAAGGCATAGTAG,51.63,interpolated,midpoint,53.43,51.63,0.8968,0,6.772
CellVaccineCohort,AUS24_s004_prevax,A/Netherlands/1739/2023,plate12-TCTATCATCGCCGTTA,48.63,interpolated,midpoint,50.32,48.63,0.8557,0,10
CellVaccineCohort,AUS24_s004_prevax,A/Netherlands/1739/2023,plate12-AATAAAATGCATGGGT,52.16,interpolated,midpoint,53.3,52.16,0.903,0,10
CellVaccineCohort,AUS24_s004_prevax,A/Argentina/824/2023,plate12-TACTAAGTAAGAGCAA,48.62,interpolated,midpoint,50.56,48.62,0.8434,0,9.61
CellVaccineCohort,AUS24_s004_prevax,A/Argentina/824/2023,plate12-ACAAATAGTTTATAGA,49.31,interpolated,midpoint,51.02,49.31,0.8554,0,10
CellVaccineCohort,AUS24_s004_prevax,A/Argentina/824/2023,plate12-CCACATAGGCGTTTTT,80.14,interpolated,midpoint,84.78,80.14,0.7848,0,10
CellVaccineCohort,AUS24_s004_prevax,A/Senegal/1423/2023,plate12-ACTGCGTACAGAGGTA,62.25,interpolated,midpoint,66.68,62.25,0.8167,0,6.647
CellVaccineCohort,AUS24_s004_prevax,A/Senegal/1423/2023,plate12-ACGACCAAGTGGTAGT,68.43,interpolated,midpoint,72.69,68.43,0.863,0,5.306
CellVaccineCohort,AUS24_s004_prevax,A/Senegal/1423/2023,plate12-CACGAAATAGAACGTC,64.03,interpolated,midpoint,68.69,64.03,0.7986,0,7.349
CellVaccineCohort,AUS24_s004_prevax,A/Perth/275/2023,plate12-ATAGGCTAGAAAGGAA,49.27,interpolated,midpoint,49.99,49.27,0.9321,0,10
CellVaccineCohort,AUS24_s004_prevax,A/Perth/275/2023,plate12-CCTGTTTTTAGACGAA,50.22,interpolated,midpoint,51.38,50.22,0.8973,0,10
CellVaccineCohort,AUS24_s004_prevax,A/Perth/275/2023,plate12-GTCCACAACAGTTGAA,48.85,interpolated,midpoint,51.87,48.85,0.7744,0,10
CellVaccineCohort,AUS24_s004_prevax,A/Panama/M270337/2023,plate12-CAGAACACGATGGAAA,58.25,interpolated,midpoint,60.07,58.25,0.8794,0,8.983
CellVaccineCohort,AUS24_s004_prevax,A/Panama/M270337/2023,plate12-GTCACTATATGATGTC,54.59,interpolated,midpoint,57.19,54.59,0.8141,0,10
CellVaccineCohort,AUS24_s004_prevax,A/Panama/M270337/2023,plate12-GCAGTCTCCGGCTAGG,73.52,interpolated,midpoint,77.36,73.52,0.8004,0,10
CellVaccineCohort,AUS24_s004_prevax,A/NakhonPhanom/P3460/2023,plate12-AAGGAAAATTCAAAGC,62.56,interpolated,midpoint,65.52,62.56,0.8615,0,7.021
CellVaccineCohort,AUS24_s004_prevax,A/NakhonPhanom/P3460/2023,plate12-TCATTGTCAATATTGA,63.95,interpolated,midpoint,68.45,63.95,0.8148,0,6.806
CellVaccineCohort,AUS24_s004_prevax,A/NakhonPhanom/P3460/2023,plate12-CTGTAAAAAGCGTTAA,52.12,interpolated,midpoint,53.48,52.12,0.8866,0,10
CellVaccineCohort,AUS24_s004_prevax,A/Valparaiso/41964/2023,plate12-TGCCATCTGTGCATTA,61.3,interpolated,midpoint,65.04,61.3,0.8399,0,6.517
CellVaccineCohort,AUS24_s004_prevax,A/Valparaiso/41964/2023,plate12-AATGAATGTATGCTAA,62.01,interpolated,midpoint,65.29,62.01,0.853,0,6.753
CellVaccineCohort,AUS24_s004_prevax,A/Valparaiso/41964/2023,plate12-CGCGAGCGTGAAATAA,60.1,interpolated,midpoint,61.64,60.1,0.9141,0,7.453
CellVaccineCohort,AUS24_s004_prevax,A/ChiangRai/P3437/2023,plate12-GGATTACACGATACCG,50.53,interpolated,midpoint,55.29,50.53,0.7031,0,10
CellVaccineCohort,AUS24_s004_prevax,A/ChiangRai/P3437/2023,plate12-AAACTGATTAATGATG,70.66,interpolated,midpoint,79.28,70.66,0.733,0,6.637
CellVaccineCohort,AUS24_s004_prevax,A/ChiangRai/P3437/2023,plate12-AATGATAACTTAAAAA,69.74,interpolated,midpoint,76.18,69.74,0.7778,0,6.655
CellVaccineCohort,AUS24_s004_prevax,A/Michigan/MISAPPHIREL365374393/2023,plate12-TTCTATAGTACTTCTA,55.8,interpolated,midpoint,60.03,55.8,0.8552,0,4.679
CellVaccineCohort,AUS24_s004_prevax,A/Michigan/MISAPPHIREL365374393/2023,plate12-ATCCCATCAACAAAAT,50.77,interpolated,midpoint,52.63,50.77,0.8493,0,10
CellVaccineCohort,AUS24_s004_prevax,A/Michigan/MISAPPHIREL365374393/2023,plate12-GGATTGTAATAAATCA,69.35,interpolated,midpoint,72.65,69.35,0.8872,0,5.493
CellVaccineCohort,AUS24_s004_prevax,A/Victoria/1384/2023,plate12-CGCATGCAATTATAAA,49.15,interpolated,midpoint,50.24,49.15,0.9016,0,10
CellVaccineCohort,AUS24_s004_prevax,A/Victoria/1384/2023,plate12-CAAAAACTTTAATTTC,47.59,interpolated,midpoint,48.58,47.59,0.9068,0,10
CellVaccineCohort,AUS24_s004_prevax,A/Victoria/1384/2023,plate12-CTCCTAATAAAAAACT,51.65,interpolated,midpoint,53.52,51.65,0.8506,0,10
CellVaccineCohort,AUS24_s004_prevax,A/Para/2023-020942-IEC/2023,plate12-TGCATTAATTCAACTA,51.87,interpolated,midpoint,53.74,51.87,0.8507,0,10
CellVaccineCohort,AUS24_s004_prevax,A/Para/2023-020942-IEC/2023,plate12-TGAGTACTGTATACCA,67.93,interpolated,midpoint,69.86,67.93,0.9039,0,7.636
CellVaccineCohort,AUS24_s004_prevax,A/Para/2023-020942-IEC/2023,plate12-AGACGCTTCGGCCCAA,57.89,interpolated,midpoint,59.11,57.89,0.9205,0,8.272
CellVaccineCohort,AUS24_s004_prevax,A/Denmark/1567/2023,plate12-TAGTAATCTAAAGTAA,49.31,interpolated,midpoint,51.92,49.31,0.7985,0,10
CellVaccineCohort,AUS24_s004_prevax,A/Denmark/1567/2023,plate12-ACCCCTTCAGAAGTTA,57.29,interpolated,midpoint,62.79,57.29,0.7315,0,8.391
CellVaccineCohort,AUS24_s004_prevax,A/Denmark/1567/2023,plate12-TCCGAAAGACCAAAAC,50.42,interpolated,midpoint,53.13,50.42,0.7964,0,10
CellVaccineCohort,AUS24_s004_prevax,A/Tasmania/140/2023,plate12-CAACGGATTCTTGTTG,49.22,interpolated,midpoint,51.9,49.22,0.7943,0,10
CellVaccineCohort,AUS24_s004_prevax,A/Tasmania/140/2023,plate12-TATGACATTAGAAACA,53.68,interpolated,midpoint,55.28,53.68,0.8728,0,10
CellVaccineCohort,AUS24_s004_prevax,A/Tasmania/140/2023,plate12-GAGAGTACGGCACTGA,72.74,interpolated,midpoint,75.68,72.74,0.8365,0,10
CellVaccineCohort,AUS24_s004_prevax,A/Wisconsin/67/2022,plate12-AGGAAAGAAACTGGAG,47.99,interpolated,midpoint,50.44,47.99,0.8037,0,10
CellVaccineCohort,AUS24_s004_prevax,A/Wisconsin/67/2022,plate12-CTGAACTTGTCGATAT,67.49,interpolated,midpoint,74.52,67.49,0.7832,0,5.732
CellVaccineCohort,AUS24_s004_prevax,A/Wisconsin/67/2022,plate12-AAAGCTCTTTTCGTTC,64.18,interpolated,midpoint,68.55,64.18,0.8207,0,6.757
CellVaccineCohort,AUS24_s004_prevax,A/Senegal/1341/2023,plate12-CATGCAATTCAGAGGG,52.16,interpolated,midpoint,53.25,52.16,0.9058,0,10
CellVaccineCohort,AUS24_s004_prevax,A/Senegal/1341/2023,plate12-AAGATGAATGTCTTAA,50.34,interpolated,midpoint,51.68,50.34,0.8848,0,10
CellVaccineCohort,AUS24_s004_prevax,A/Senegal/1341/2023,plate12-TAAAGACAAAAAAACC,51.11,interpolated,midpoint,52.04,51.11,0.9181,0,10
CellVaccineCohort,AUS24_s004_prevax,A/Pennsylvania/46/2023,plate12-AGAAAGCTGTTAATAC,60.18,interpolated,midpoint,65.69,60.18,0.7981,0,5.906
CellVaccineCohort,AUS24_s004_prevax,A/Pennsylvania/46/2023,plate12-GAAAATGATCCACATT,74.6,interpolated,midpoint,77.15,74.6,0.8573,0,10
CellVaccineCohort,AUS24_s004_prevax,A/Pennsylvania/46/2023,plate12-AAATAATGAGTTTATA,56.16,interpolated,midpoint,59.66,56.16,0.7842,0,9.363
CellVaccineCohort,AUS24_s004_prevax,A/NewHampshire/7/2023,plate12-TGAACTAGACTTTCAA,59.22,interpolated,midpoint,61.85,59.22,0.8784,0,6.425
CellVaccineCohort,AUS24_s004_prevax,A/NewHampshire/7/2023,plate12-AAGTAGTGATTAAGCA,50.49,interpolated,midpoint,51.83,50.49,0.8848,0,10
CellVaccineCohort,AUS24_s004_prevax,A/NewHampshire/7/2023,plate12-CTGCACTCCGTAAATT,51.46,interpolated,midpoint,52.47,51.46,0.9116,0,10
CellVaccineCohort,AUS24_s004_prevax,A/Victoria/1010/2023,plate12-GTAGAAATCATAGGCG,52.59,interpolated,midpoint,53.62,52.59,0.9124,0,10
CellVaccineCohort,AUS24_s004_prevax,A/Victoria/1010/2023,plate12-TCCCTTAGGCATAGCC,74.62,interpolated,midpoint,80.52,74.62,0.7746,0,7.879
CellVaccineCohort,AUS24_s004_prevax,A/Victoria/1010/2023,plate12-AATTTTAGGACGCCGT,72.8,interpolated,midpoint,75.29,72.8,0.857,0,10
CellVaccineCohort,AUS24_s004_prevax,A/SouthAfrica/R06646/2023,plate12-ACTTAAAATCTTATAA,77.3,interpolated,midpoint,84.46,77.3,0.7062,0,10
CellVaccineCohort,AUS24_s004_prevax,A/SouthAfrica/R06646/2023,plate12-ACCTATTCTATTTTTC,78.24,interpolated,midpoint,91.9,78.24,0.7645,0,3.957
CellVaccineCohort,AUS24_s004_prevax,A/SouthAfrica/R06646/2023,plate12-TGTTTTACATTAGATG,74.88,interpolated,midpoint,93.69,74.88,0.6971,0,4.152
CellVaccineCohort,AUS24_s004_prevax,A/Gwangju/1254/2023,plate12-GGCTTGAATGATATTG,48.12,interpolated,midpoint,50.76,48.12,0.7932,0,10
CellVaccineCohort,AUS24_s004_prevax,A/Gwangju/1254/2023,plate12-GACAATATACCCCCAT,53.18,interpolated,midpoint,55.34,53.18,0.8357,0,10
CellVaccineCohort,AUS24_s004_prevax,A/Gwangju/1254/2023,plate12-GTCAAATAAATTTTCA,55.23,interpolated,midpoint,57.63,55.23,0.8269,0,10
CellVaccineCohort,AUS24_s004_prevax,A/EspiritoSanto/6964/2023,plate12-AGCATCACGTCAGTCT,62.08,interpolated,midpoint,68.26,62.08,0.7939,0,5.591
CellVaccineCohort,AUS24_s004_prevax,A/EspiritoSanto/6964/2023,plate12-TGGCCTGCTTCGGAAA,75.01,interpolated,midpoint,80.74,75.01,0.8263,0,5.801
CellVaccineCohort,AUS24_s004_prevax,A/EspiritoSanto/6964/2023,plate12-AAATAAGTATCCTAAA,66.84,interpolated,midpoint,70.76,66.84,0.8359,0,6.99
CellVaccineCohort,AUS24_s004_prevax,A/California/75/2023,plate12-TAACCGCTTCAATATA,59.97,interpolated,midpoint,65.32,59.97,0.8215,0,5.169
CellVaccineCohort,AUS24_s004_prevax,A/California/75/2023,plate12-CTTCAAAGACTGATTA,64.96,interpolated,midpoint,66.34,64.96,0.9304,0,7.181
CellVaccineCohort,AUS24_s004_prevax,A/Victoria/1013/2023,plate12-ATATTGTTAATATTCT,51.56,interpolated,midpoint,55.89,51.56,0.7232,0,10
CellVaccineCohort,AUS24_s004_prevax,A/Victoria/1013/2023,plate12-CAGTCGCATTGAACCT,49.14,interpolated,midpoint,51.69,49.14,0.8017,0,10
CellVaccineCohort,AUS24_s004_prevax,A/Victoria/1013/2023,plate12-AAAATGCTGGGGTATA,53.04,interpolated,midpoint,54.56,53.04,0.8828,0,9.466
CellVaccineCohort,AUS24_s004_prevax,A/SouthAustralia/179/2023,plate12-TAAATGGTACAGAGGT,63.69,interpolated,midpoint,66.73,63.69,0.9045,0,4.538
CellVaccineCohort,AUS24_s004_prevax,A/SouthAustralia/179/2023,plate12-ACGCCCCCACTTCATG,74.03,interpolated,midpoint,79.67,74.03,0.7619,0,8.811
CellVaccineCohort,AUS24_s004_prevax,A/SouthAustralia/179/2023,plate12-ATAGGCATGCTTACTG,52.28,interpolated,midpoint,54.35,52.28,0.8395,0,10
CellVaccineCohort,AUS24_s004_prevax,A/California/82/2023,plate12-TGGGAAATCATTGGTA,51.29,interpolated,midpoint,53.6,51.29,0.8217,0,10
CellVaccineCohort,AUS24_s004_prevax,A/California/82/2023,plate12-ATACGTATTGATATCT,53.02,interpolated,midpoint,54.14,53.02,0.9058,0,10
CellVaccineCohort,AUS24_s004_prevax,A/Perth/110/2023,plate12-ACGTAAAAAGGATATC,51.1,interpolated,midpoint,52.67,51.1,0.8696,0,10
CellVaccineCohort,AUS24_s004_prevax,A/Perth/110/2023,plate12-AGTACTTCGTACTCCT,51.18,interpolated,midpoint,54.1,51.18,0.7954,0,9.479
CellVaccineCohort,AUS24_s004_prevax,A/Perth/110/2023,plate12-GCAGAACATAAAACTC,49.22,interpolated,midpoint,54.53,49.22,0.6793,0,10
CellVaccineCohort,AUS24_s004_prevax,A/CostaRica/INC-0036-793184/2023,plate12-TAGGACTACAGAGAAC,61.64,interpolated,midpoint,67.34,61.64,0.7489,0,7.881
CellVaccineCohort,AUS24_s004_prevax,A/CostaRica/INC-0036-793184/2023,plate12-AATTGTGAATGCCACA,82.88,interpolated,midpoint,86.1,82.88,0.8414,0,10
CellVaccineCohort,AUS24_s004_prevax,A/CostaRica/INC-0036-793184/2023,plate12-CGTTAAGTTGAAAAAA,58.98,interpolated,midpoint,61.04,58.98,0.8549,0,10
CellVaccineCohort,AUS24_s004_prevax,A/Sydney/130/2023,plate12-ACTACCGCTAATATGC,80.91,interpolated,midpoint,84.88,80.91,0.8096,0,10
CellVaccineCohort,AUS24_s004_prevax,A/Sydney/130/2023,plate12-CAGATATGAGAGAGCA,79.75,interpolated,midpoint,85.04,79.75,0.763,0,10
CellVaccineCohort,AUS24_s004_prevax,A/Sydney/130/2023,plate12-CCATAACTGTATATGG,73.63,interpolated,midpoint,78.54,73.63,0.7619,0,10
CellVaccineCohort,AUS24_s004_prevax,A/Victoria/1389/2023,plate12-CGATGCACTCGTAAGT,63.24,interpolated,midpoint,66.14,63.24,0.8624,0,7.164
CellVaccineCohort,AUS24_s004_prevax,A/Victoria/1389/2023,plate12-TTTTAGATAAACTTAG,69.79,interpolated,midpoint,73.75,69.79,0.8401,0,6.972
CellVaccineCohort,AUS24_s004_prevax,A/Victoria/1389/2023,plate12-AAGATTACCAAATTAT,66.61,interpolated,midpoint,72.14,66.61,0.7253,0,10
CellVaccineCohort,AUS24_s004_prevax,A/Jeonbuk/1544/2023,plate12-GTCATATTCGATTACA,69.47,interpolated,midpoint,73.93,69.47,0.7998,0,8.216
CellVaccineCohort,AUS24_s004_prevax,A/Jeonbuk/1544/2023,plate12-AAAGCCCTAGTTAAGT,52.46,interpolated,midpoint,55.14,52.46,0.8039,0,10
CellVaccineCohort,AUS24_s004_prevax,A/Jeonbuk/1544/2023,plate12-TGGACACTTACAACAA,75.09,interpolated,midpoint,77.16,75.09,0.8809,0,10
CellVaccineCohort,AUS24_s004_prevax,A/Hawaii/70/2019,plate12-TGGAATCGTCACCGAT,96.45,interpolated,midpoint,100.7,96.45,0.8252,0,10
CellVaccineCohort,AUS24_s004_prevax,A/Hawaii/70/2019,plate12-AGTAAACATGCATTGG,100.7,interpolated,midpoint,106,100.7,0.8644,0,6.116
CellVaccineCohort,AUS24_s004_prevax,A/Hawaii/70/2019,plate12-ATAGAATCGCAAATTA,104.9,interpolated,midpoint,111,104.9,0.8576,0,5.924
CellVaccineCohort,AUS24_s004_prevax,A/RioGrandedoSul/6798/2023,plate12-CCAAATTTTAACTGTG,53.19,interpolated,midpoint,59.77,53.19,0.6558,0,10
CellVaccineCohort,AUS24_s004_prevax,A/RioGrandedoSul/6798/2023,plate12-ACGGCAAGTGATGAAA,51.99,interpolated,midpoint,54.08,51.99,0.8377,0,10
CellVaccineCohort,AUS24_s004_prevax,A/RioGrandedoSul/6798/2023,plate12-AATCCATTAGTTCAGC,78.46,interpolated,midpoint,83.87,78.46,0.7566,0,10
CellVaccineCohort,AUS24_s004_prevax,A/Michigan/45/2015,plate12-TTGAAAAAATCATAAA,1154,interpolated,midpoint,1520,1154,0.7103,0,3.141
CellVaccineCohort,AUS24_s004_prevax,A/Michigan/45/2015,plate12-ACAAAGTCTCGAGAAG,1050,interpolated,midpoint,1527,1050,0.6308,0,3.578
CellVaccineCohort,AUS24_s004_prevax,A/Michigan/45/2015,plate12-CACCTAGGATCGCACT,1400,interpolated,midpoint,2064,1400,0.7107,0,2.225
CellVaccineCohort,AUS24_s004_prevax,A/Wisconsin/588/2019,plate12-GAAGAAACTATAACCA,222.3,interpolated,midpoint,260.1,222.3,0.8067,0,3.106
CellVaccineCohort,AUS24_s004_prevax,A/Wisconsin/588/2019,plate12-AGTCCTATCCTCAAAT,268.7,interpolated,midpoint,314.8,268.7,0.798,0,3.271
CellVaccineCohort,AUS24_s004_prevax,A/Wisconsin/588/2019,plate12-TATATTAGTAACATAA,222.8,interpolated,midpoint,267.9,222.8,0.7743,0,3.258
CellVaccineCohort,AUS24_s004_prevax,A/Victoria/4897/2022_IVR238,plate12-AAGTTAAGAGAAAGTT,920.8,interpolated,midpoint,1523,920.8,0.6,0,3.197
CellVaccineCohort,AUS24_s004_prevax,A/Victoria/4897/2022_IVR238,plate12-AGAGCTAAAAAGAGGA,2625,interpolated,midpoint,3618,2625,0.8725,0,0.9174
CellVaccineCohort,AUS24_s004_prevax,A/Victoria/4897/2022_IVR238,plate12-AATCCGAAATTTATTC,2155,interpolated,midpoint,1.611e+04,2155,0.6,0,0.8
CellVaccineCohort,AUS24_s004_prevax,A/California/07/2009,plate12-GACACAGAACCCATGC,2105,interpolated,midpoint,3371,2105,0.7168,0,1.776
CellVaccineCohort,AUS24_s004_prevax,A/California/07/2009,plate12-CATGTGAATTCGCCCA,1691,interpolated,midpoint,2764,1691,0.6,0,3.274
CellVaccineCohort,AUS24_s004_prevax,A/California/07/2009,plate12-CCTTTCTCAAAACATA,1521,interpolated,midpoint,2182,1521,0.6614,0,3.138
CellVaccineCohort,AUS24_s004_prevax,A/Brisbane/02/2018,plate12-TTGGGCACTAAATTAA,574,interpolated,midpoint,623.8,574,0.8697,0,3.628
CellVaccineCohort,AUS24_s004_prevax,A/Brisbane/02/2018,plate12-TAATAAGCCAGCAAGA,558.2,interpolated,midpoint,667.3,558.2,0.7849,0,3.15
CellVaccineCohort,AUS24_s004_prevax,A/Brisbane/02/2018,plate12-ATCCGATTTAAAGGCA,565.8,interpolated,midpoint,642.8,565.8,0.8304,0,3.249
